c0=3.0E8;
mu0=pi*4e-7;
eps0=1/(mu0*c0^2);
